10410
10410
10410
10410
11186
11186
11186
11186
11242
11242
11242
11399
11399
11399
11399
11419
11419
11419
11419
11569
11569
11569
11569
11599
11599
11599
11762
11762
11762
11762
11801
11801
11801
11801
11866
11866
11866
11866
12073
12073
12073
12073
12202
12202
12202
12285
12285
12285
12285
12498
12498
12498
12498
12583
12583
12583
12583
12738
12738
12738
12738
12740
12740
12740
12740
12822
12822
12822
12822
12835
12835
12835
12835
12913
12913
12913
12913
12938
12938
12938
12938
13190
13190
13190
13190
13372
13372
13372
13372
13420
13420
13420
13420
13473
13473
13473
13473
13548
13548
13548
13548
14343
14343
14343
14343
14805
14805
14805
14805
14818
14818
14818
14828
14828
14828
14828
15290
15290
15290
15290
15311
15311
15311
15311
15426
15426
15426
15426
15428
15440
15440
15440
15440
15444
15444
15444
15444
15450
15450
15450
15546
15546
15546
15546
15628
15628
15628
15628
15630
15630
15630
15630
15688
15688
15688
15802
15802
15802
15802
15832
15832
15832
15832
15852
15852
15852
15852
16206
16206
16206
16206
16234
16234
16234
16234
16239
16239
16239
16239
16246
16246
16246
16246
16349
16349
16349
16382
16382
16382
16382
16492
16492
16492
16492
16537
16537
16537
16537
16603
16603
16603
16603
16662
16662
16662
16668
16668
16668
16668
16717
16717
16717
16717
16797
16797
16797
16797
16809
16809
16809
16809
16832
16832
16832
16832
16863
16863
16863
16863
16973
16973
16973
16999
16999
16999
16999
17028
17028
17028
17057
17057
17057
17057
17108
17108
17108
17108
17155
17155
17155
17155
17158
17158
17158
17158
17165
17165
17165
17165
17190
17190
17190
17190
17196
17196
17196
17230
17230
17230
17230
17256
17256
17256
17256
17274
17274
17274
17282
17282
17282
17301
17301
17301
17301
17326
17326
17326
17326
17363
17363
17363
17363
17379
17379
17379
17379
17396
17396
17396
17396
17397
17397
17397
17411
17411
17411
17411
17415
17415
17415
17415
17428
17428
17428
17428
17429
17429
17429
17429
17460
17460
17460
17527
17527
17527
17527
17545
17545
17545
17545
17548
17548
17548
17566
17566
17566
17566
17573
17573
17573
17573
17629
17629
17629
17629
17673
17673
17673
17688
17688
17688
17688
17723
17723
17723
17723
17734
17734
17734
17734
17838
17838
17838
17838
17950
17950
17950
17950
17952
17952
17952
17952
17962
17962
17962
17962
18013
18013
18013
18013
