6843 itc3 1 1 0.83
6843 itc4 1 1 0.83
6843 itc1 1 1 0.83
6843 itc2 1 1 0.83
8698 itc1 1 1 0.85
8698 itc2 1 1 0.85
8669 itc2 1 1 0.78
8669 itc1 1 1 0.78
9089 itc1 1 1 0.82
9089 itc2 1 1 0.82
8770 itc1 1 1 0.76
8770 itc2 1 1 0.76
6378 itc3 1 1 0.79
6378 itc4 1 1 0.79
6378 itc1 1 1 0.79
6378 itc2 1 1 0.79
6377 itc2 1 1 0.79
6377 itc3 1 1 0.79
6377 itc1 1 1 0.79
8796 itc1 1 1 0.80
8796 itc2 1 1 0.81
6052 itc3 1 1 0.85
6052 itc4 1 1 0.85
6052 itc1 1 1 0.85
6052 itc2 1 1 0.86
6167 itc3 1 1 0.80
6167 itc4 1 1 0.80
6167 itc1 1 1 0.80
6167 itc2 1 1 0.80
5709 itc3 1 1 0.76
5709 itc1 1 1 0.77
5709 itc2 1 1 0.76
6169 itc3 1 1 0.83
6169 itc1 1 1 0.84
6169 itc2 1 1 0.84
8718 itc1 1 1 0.82
8718 itc2 1 1 0.82
8771 itc1 1 1 0.79
8771 itc2 1 1 0.80
5200 itc3 1 1 0.79
5200 itc4 1 1 0.79
5200 itc1 1 1 0.79
5200 itc2 1 1 0.79
5856 itc3 1 1 0.83
5856 itc4 1 1 0.83
5856 itc1 1 1 0.83
5856 itc2 1 1 0.83
9219 itc1 1 1 0.82
9219 itc2 1 1 0.81
9021 itc1 1 1 0.81
9021 itc2 1 1 0.81
8747 itc1 1 1 0.84
8747 itc2 1 1 0.84
5906 itc4 1 1 0.77
5906 itc1 1 1 0.77
5906 itc2 1 1 0.77
8617 itc1 1 1 0.83
8617 itc2 1 1 0.83
5043 itc4 1 1 0.86
5043 itc1 1 1 0.85
5043 itc2 1 1 0.87
8658 itc1 1 1 0.82
8658 itc2 1 1 0.82
6348 itc2 1 1 0.82
6348 itc3 1 1 0.82
6348 itc1 1 1 0.82
8368 itc1 1 1 0.83
8368 itc2 1 1 0.83
6425 itc3 1 1 0.71
6425 itc4 1 1 0.71
6425 itc1 1 1 0.70
6425 itc2 1 1 0.71
6054 itc3 1 1 0.74
6054 itc4 1 1 0.74
6054 itc1 1 1 0.74
6054 itc2 1 1 0.74
6233 itc3 1 1 0.77
6233 itc4 1 1 0.77
6233 itc1 1 1 0.76
6233 itc2 1 1 0.76
6211 itc3 1 1 0.73
6211 itc4 1 1 0.73
6211 itc1 1 1 0.73
6211 itc2 1 1 0.73
5863 itc1 1 1 0.79
5863 itc2 1 1 0.79
6449 itc3 1 1 0.82
6449 itc4 1 1 0.82
6449 itc1 1 1 0.82
6449 itc2 1 1 0.82
6593 itc3 1 1 0.83
6593 itc4 1 1 0.83
6593 itc1 1 1 0.83
6593 itc2 1 1 0.83
5643 itc3 1 1 0.74
5643 itc4 1 1 0.74
5643 itc1 1 1 0.74
5643 itc2 1 1 0.74
5839 itc3 1 1 0.83
5839 itc4 1 1 0.83
5839 itc1 1 1 0.83
5839 itc2 1 1 0.83
6634 itc3 1 1 0.85
6634 itc4 1 1 0.85
6634 itc1 1 1 0.84
6634 itc2 1 1 0.85
7339 itc3 1 1 0.67
7339 itc4 1 1 0.67
7339 itc1 1 1 0.67
7339 itc2 1 1 0.67
7162 itc3 1 1 0.84
7162 itc4 1 1 0.83
7162 itc1 1 1 0.83
7162 itc2 1 1 0.84
5467 itc3 1 1 0.73
5467 itc4 1 1 0.73
5467 itc1 1 1 0.72
5467 itc2 1 1 0.72
9171 itc1 1 1 0.84
9171 itc2 1 1 0.85
8795 itc1 1 1 0.83
8795 itc2 1 1 0.83
6263 itc3 1 1 0.76
6263 itc4 1 1 0.76
6263 itc1 1 1 0.76
6263 itc2 1 1 0.76
6411 itc3 1 1 0.76
6411 itc4 1 1 0.76
6411 itc1 1 1 0.76
6411 itc2 1 1 0.76
6405 itc3 1 1 0.76
6405 itc4 1 1 0.76
6405 itc1 1 1 0.76
6405 itc2 1 1 0.76
5522 itc3 1 1 0.81
5522 itc4 1 1 0.81
5522 itc1 1 1 0.81
5522 itc2 1 1 0.81
8526 itc1 1 1 0.78
8526 itc2 1 1 0.78
6725 itc3 1 1 0.72
6725 itc4 1 1 0.71
6725 itc1 1 1 0.71
6725 itc2 1 1 0.72
6686 itc3 1 1 0.84
6686 itc4 1 1 0.84
6686 itc1 1 1 0.84
6686 itc2 1 1 0.83
5729 itc3 1 1 0.79
5729 itc4 1 1 0.79
5729 itc1 1 1 0.79
5729 itc2 1 1 0.79
6170 itc3 1 1 0.75
6170 itc4 1 1 0.75
6170 itc1 1 1 0.75
6170 itc2 1 1 0.75
7024 itc3 1 1 0.72
7024 itc1 1 1 0.72
7024 itc2 1 1 0.72
4822 itc1 1 1 0.81
4822 itc2 1 1 0.81
4822 itc3 1 1 0.81
4822 itc4 1 1 0.81
4821 itc3 1 1 0.80
4821 itc4 1 1 0.80
4821 itc1 1 1 0.79
4821 itc2 1 1 0.79
6485 itc2 1 1 0.80
6485 itc3 1 1 0.80
6485 itc4 1 1 0.80
6485 itc1 1 1 0.80
5648 itc3 1 1 0.76
5648 itc2 1 1 0.75
4888 itc3 1 1 0.74
4888 itc4 1 1 0.74
4888 itc1 1 1 0.75
4888 itc2 1 1 0.74
5521 itc3 1 1 0.81
5521 itc4 1 1 0.81
5521 itc1 1 1 0.81
5521 itc2 1 1 0.81
5829 itc3 1 1 0.70
5829 itc4 1 1 0.70
5829 itc1 1 1 0.70
5829 itc2 1 1 0.70
5857 itc3 1 1 0.73
5857 itc4 1 1 0.73
5857 itc1 1 1 0.72
5857 itc2 1 1 0.73
7384 itc3 1 1 0.80
7384 itc4 1 1 0.81
7384 itc1 1 1 0.81
7384 itc2 1 1 0.80
6949 itc3 1 1 0.81
6949 itc4 1 1 0.81
6949 itc1 1 1 0.82
6949 itc2 1 1 0.81
5303 itc1 1 1 0.71
5303 itc2 1 1 0.71
6549 itc3 1 1 0.76
6549 itc4 1 1 0.76
6549 itc1 1 1 0.77
6549 itc2 1 1 0.77
8907 itc1 1 1 0.74
8907 itc2 1 1 0.74
6832 itc3 1 1 0.80
6832 itc4 1 1 0.81
6832 itc1 1 1 0.81
6832 itc2 1 1 0.81
6304 itc3 1 1 0.74
6304 itc1 1 1 0.74
6304 itc2 1 1 0.74
5662 itc3 1 1 0.69
5662 itc4 1 1 0.69
5662 itc1 1 1 0.68
5662 itc2 1 1 0.68
5772 itc3 1 1 0.80
5772 itc4 1 1 0.80
5772 itc1 1 1 0.80
5772 itc2 1 1 0.80
5967 itc3 1 1 0.82
5967 itc4 1 1 0.82
5967 itc1 1 1 0.82
5967 itc2 1 1 0.82
6133 itc3 1 1 0.86
6133 itc4 1 1 0.86
6133 itc1 1 1 0.85
6133 itc2 1 1 0.85
7380 itc3 1 1 0.77
7380 itc4 1 1 0.77
7380 itc1 1 1 0.78
7380 itc2 1 1 0.77
6124 itc3 1 1 0.73
6124 itc4 1 1 0.73
6124 itc1 1 1 0.72
6124 itc2 1 1 0.73
6450 itc3 1 1 0.85
6450 itc1 1 1 0.86
6450 itc2 1 1 0.85
6376 itc3 1 1 0.80
6376 itc4 1 1 0.80
6376 itc1 1 1 0.79
6376 itc2 1 1 0.80
6479 itc1 1 1 0.79
6479 itc2 1 1 0.80
6548 itc3 1 1 0.77
6548 itc4 1 1 0.77
6548 itc1 1 1 0.75
6548 itc2 1 1 0.76
6668 itc3 1 1 0.77
6668 itc4 1 1 0.77
6668 itc1 1 1 0.76
6668 itc2 1 1 0.77
6932 itc2 1 1 0.79
6932 itc3 1 1 0.79
6932 itc4 1 1 0.80
6932 itc1 1 1 0.79
6789 itc2 1 1 0.81
6789 itc3 1 1 0.81
6789 itc4 1 1 0.81
6789 itc1 1 1 0.81
7310 itc3 1 1 0.74
7310 itc1 1 1 0.74
7310 itc2 1 1 0.74
6958 itc2 1 1 0.83
6958 itc3 1 1 0.83
6958 itc4 1 1 0.83
6958 itc1 1 1 0.83
7028 itc3 1 1 0.85
7028 itc1 1 1 0.84
7028 itc2 1 1 0.85
7114 itc4 1 1 0.84
7114 itc1 1 1 0.84
7114 itc2 1 1 0.84
7091 itc3 1 1 0.74
7091 itc4 1 1 0.75
7091 itc1 1 1 0.75
7091 itc2 1 1 0.75
7157 itc3 1 1 0.80
7157 itc4 1 1 0.80
7157 itc1 1 1 0.80
7157 itc2 1 1 0.80
7159 itc3 1 1 0.85
7159 itc4 1 1 0.85
7159 itc1 1 1 0.85
7159 itc2 1 1 0.85
7245 itc3 1 1 0.86
7245 itc1 1 1 0.86
7245 itc2 1 1 0.86
7242 itc3 1 1 0.64
7242 itc4 1 1 0.64
7242 itc1 1 1 0.64
7242 itc2 1 1 0.64
7260 itc3 1 1 0.78
7260 itc4 1 1 0.77
7260 itc1 1 1 0.77
7260 itc2 1 1 0.77
7326 itc3 1 1 0.83
7326 itc4 1 1 0.83
7326 itc1 1 1 0.83
7326 itc2 1 1 0.83
7410 itc3 1 1 0.83
7410 itc4 1 1 0.83
7410 itc1 1 1 0.83
7410 itc2 1 1 0.83
7387 itc3 1 1 0.84
7387 itc1 1 1 0.83
7387 itc2 1 1 0.84
8187 itc1 1 1 0.73
8187 itc2 1 1 0.73
7531 itc3 1 1 0.77
7531 itc4 1 1 0.77
7531 itc1 1 1 0.76
7531 itc2 1 1 0.77
7906 itc1 1 1 0.73
7906 itc2 1 1 0.73
7569 itc3 1 1 0.72
7569 itc1 1 1 0.72
7569 itc2 1 1 0.72
7665 itc3 1 1 0.80
7665 itc4 1 1 0.80
7665 itc1 1 1 0.80
7665 itc2 1 1 0.80
7645 itc3 1 1 0.78
7645 itc4 1 1 0.78
7645 itc1 1 1 0.78
7645 itc2 1 1 0.78
7766 itc1 1 1 0.84
7766 itc2 1 1 0.84
7685 itc3 1 1 0.79
7685 itc4 1 1 0.79
7685 itc1 1 1 0.79
7685 itc2 1 1 0.79
7867 itc1 1 1 0.76
7867 itc2 1 1 0.76
7770 itc1 1 1 0.84
7770 itc2 1 1 0.84
8154 itc1 1 1 0.81
8154 itc2 1 1 0.81
8490 itc1 1 1 0.73
8490 itc2 1 1 0.73
7784 itc3 1 1 0.81
7784 itc1 1 1 0.81
7784 itc2 1 1 0.81
7778 itc3 1 1 0.85
7778 itc4 1 1 0.85
7778 itc1 1 1 0.85
7778 itc2 1 1 0.85
8514 itc1 1 1 0.78
8514 itc2 1 1 0.78
8652 itc1 1 1 0.81
8652 itc2 1 1 0.80
7822 itc3 1 1 0.77
7822 itc4 1 1 0.77
7822 itc1 1 1 0.77
7822 itc2 1 1 0.77
7843 itc3 1 1 0.80
7843 itc4 1 1 0.80
7843 itc1 1 1 0.80
7843 itc2 1 1 0.80
8013 itc1 1 1 0.84
8013 itc2 1 1 0.84
8155 itc1 1 1 0.79
8155 itc2 1 1 0.79
7922 itc1 1 1 0.76
7922 itc2 1 1 0.77
8089 itc1 1 1 0.76
8089 itc2 1 1 0.76
8098 itc3 1 1 0.77
8098 itc4 1 1 0.77
8098 itc1 1 1 0.76
8098 itc2 1 1 0.77
8121 itc1 1 1 0.84
8121 itc2 1 1 0.84
8130 itc1 1 1 0.81
8130 itc2 1 1 0.81
8736 itc1 1 1 0.79
8736 itc2 1 1 0.78
8210 itc1 1 1 0.81
8210 itc2 1 1 0.80
8233 itc1 1 1 0.85
8233 itc2 1 1 0.85
8392 itc3 1 1 0.77
8392 itc4 1 1 0.77
8392 itc1 1 1 0.77
8392 itc2 1 1 0.77
8385 itc3 1 1 0.81
8385 itc4 1 1 0.81
8385 itc1 1 1 0.81
8385 itc2 1 1 0.81
8436 itc3 1 1 0.75
8436 itc4 1 1 0.75
8436 itc1 1 1 0.75
8436 itc2 1 1 0.75
8447 itc1 1 1 0.77
8447 itc2 1 1 0.77
8485 itc1 1 1 0.77
8485 itc2 1 1 0.77
8549 itc3 1 1 0.76
8549 itc4 1 1 0.76
8549 itc1 1 1 0.75
8549 itc2 1 1 0.76
8937 itc1 1 1 0.75
8937 itc2 1 1 0.75
8724 itc1 1 1 0.79
8724 itc2 1 1 0.79
8781 itc1 1 1 0.81
8781 itc2 1 1 0.81
8948 itc1 1 1 0.73
8948 itc2 1 1 0.73
9006 itc1 1 1 0.73
9006 itc2 1 1 0.72
8976 itc1 1 1 0.78
8976 itc2 1 1 0.78
9022 itc1 1 1 0.79
9022 itc2 1 1 0.79
9156 itc1 1 1 0.82
9156 itc2 1 1 0.82
9339 itc1 1 1 0.86
9339 itc2 1 1 0.86
9374 itc1 1 1 0.79
9374 itc2 1 1 0.80
9467 itc1 1 1 0.71
9467 itc2 1 1 0.71
9154 itc1 1 1 0.80
9154 itc2 1 1 0.80
9077 itc1 1 1 0.78
9077 itc2 1 1 0.78
8630 itc1 1 1 0.83
8630 itc2 1 1 0.83
8808 itc1 1 1 0.85
8808 itc2 1 1 0.85
9062 itc1 1 1 0.77
9062 itc2 1 1 0.77
8889 itc1 1 1 0.73
8889 itc2 1 1 0.73
9080 itc1 1 1 0.75
9080 itc2 1 1 0.75
8888 itc1 1 1 0.76
8888 itc2 1 1 0.76
8856 itc2 1 1 0.89
8856 itc1 1 1 0.89
9004 itc1 1 1 0.81
9004 itc2 1 1 0.81
9044 itc1 1 1 0.86
9044 itc2 1 1 0.86
